Barley
 0.0110 0.0035 0.0350 0.0120 0.0016 0.0004 0.0060 0.0025
 0.0030 0.0070 0.0080 0.0280 
  200.  0.00   4500.  5500.  8000.   135.
Cassava                       
 0.0022 0.0080 0.0090 0.0170 0.0007 0.0010 0.0024 0.0050
 0.0035 0.0070 0.0140 0.0170 
    0.0 0.00   6000.  8000.  22000.  360.
Chickpea                      
 0.0180 0.0095 0.0440 0.0185 0.0021 0.0006 0.0052 0.0032
 0.0062 0.0105 0.0130 0.0310 
    0.0 0.75   1750.  2250.  3200.   120.
Chillies                      
 0.0160 0.0140 0.0370 0.0380 0.0024 0.0012 0.0060 0.0040
 0.0130 0.0130 0.0400 0.0530  
    0.0 0.00   2600.  2100.  4300.   150.
Cotton                        
 0.0150 0.0090 0.0275 0.0220 0.0020 0.0010 0.0080 0.0040
 0.0085 0.0080 0.0310 0.0220 
    0.0 0.00   2500.  4000.  4000.   200.
Cowpea
 0.0300 0.0080 0.0470 0.0270 0.0020 0.0010 0.0060 0.0040
 0.0090 0.0100 0.0180 0.0300 
    0.0 0.75   3300.  1800.  3800.    75.
Field bean 
 0.0300 0.0080 0.0490 0.0250 0.0026 0.0008 0.0060 0.0040
 0.0080 0.0100 0.0200 0.0300  
    0.0 0.75   3300.  4700.  9000.   140.  
Groundnut                     
 0.0220 0.0130 0.0450 0.0190 0.0012 0.0010 0.0048 0.0019
 0.0060 0.0105 0.0150 0.0330 
    0.0 0.75   2250.  1500.  3000.   135.
Jute 
 0.0060 0.0060 0.0175 0.0175 0.0014 0.0014 0.0034 0.0034
 0.0093 0.0093 0.0260 0.0260 
    0.0 0.00   3000.  9000.  0.      120.
Kenaf 
 0.0050 0.0050 0.0210 0.0210 0.0009 0.0009 0.0027 0.0027
 0.0090 0.0090 0.0230 0.0230
    0.0 0.00   3000.  7000.  0.      120.
Lentil                        
 0.0230 0.0095 0.0400 0.0265 0.0014 0.0009 0.0039 0.0037
 0.0065 0.0105 0.0155 0.0315 
    0.0 0.75   4000.  4500.  3400.   135.
Maize
 0.0095 0.0040 0.0220 0.0125 0.0017 0.0004 0.0075 0.0030
 0.0020 0.0050 0.0060 0.0200 
  400.0 0.00   4500.  7500.  12000.  120.
Millet, bulrush                
 0.0100 0.0032 0.0300 0.0105 0.0014 0.0005 0.0080 0.0025
 0.0030 0.0070 0.0080 0.0280 
  200.  0.00   1000.  3200.  2500.    90.
Mungbean                      
 0.0215 0.0095 0.0410 0.0420 0.0010 0.0006 0.0034 0.0032
 0.0063 0.0105 0.0150 0.0315  
    0.0 0.75   2000.  3000.  3000.   120.
Onion                         
 0.0090 0.0140 0.0260 0.0340 0.0017 0.0016 0.0100 0.0065
 0.0075 0.0080 0.0170 0.0450 
    0.0 0.00   3000.  600.   5000.   135.
Pigeonpea
 0.0210 0.0070 0.0340 0.0200 0.0015 0.0007 0.0037 0.0017
 0.0060 0.0030 0.0110 0.0100 
    0.0 0.75   4300.  5500.  4500.   130.
Potato                        
 0.0085 0.0150 0.0220 0.0400 0.0011 0.0014 0.0055 0.0100
 0.0110 0.0130 0.0280 0.0380  
    0.0 0.00   2500.  1500.  16000.  135.
Rapeseed                      
 0.0150 0.0055 0.0390 0.0100 0.0026 0.0008 0.0056 0.0020
 0.0070 0.0095 0.0165 0.0190 
    0.0 0.00   3400.  5000.  2500.   135.
Rice                   
 0.0090 0.0032 0.0270 0.0110 0.0011 0.0003 0.0040 0.0016
 0.0025 0.0070 0.0075 0.0280 
  200.0 0.00   7000.  5500.  11500.  135.
Sesame                        
 0.0150 0.0050 0.0300 0.0100 0.0020 0.0025 0.0050 0.0075
 0.0110 0.0120 0.0190 0.0240  
    0.0 0.00   2000.  2000.  4000.   120.
Sorghum                       
 0.0100 0.0035 0.0320 0.0120 0.0014 0.0005 0.0060 0.0025
 0.0025 0.0070 0.0075 0.0280 
  200.  0.00   4500.  4000.  6000.   120.
Soyabean                      
 0.0350 0.0070 0.0560 0.0220 0.0027 0.0011 0.0080 0.0052
 0.0120 0.0070 0.0260 0.0240  
    0.0 0.75   3500.  1500.  4500.   135.
Sugarbeet
 0.0060 0.0180 0.0130 0.0280 0.0008 0.0015 0.0018 0.0032
 0.0060 0.0180 0.0130 0.0360 
    0.0 0.00   7000.  0.     16000.  170.
Sugarcane                     
 0.0022 0.0022 0.0110 0.0110 0.0007 0.0007 0.0020 0.0020
 0.0030 0.0030 0.0190 0.0190 
    0.0 0.00   20000. 20000. 0.      360.
Sunflower
 0.0180 0.0070 0.0450 0.0180 0.0040 0.0008 0.0100 0.0028
 0.0060 0.0100 0.0200 0.0300 
    0.0 0.00   1900.  2700.  5800.   100.
Sweet potato                  
 0.0028 0.0160 0.0150 0.0300 0.0007 0.0020 0.0022 0.0045
 0.0060 0.0160 0.0230 0.0390 
    0.0 0.00   2000.  4000.  9000.   150.
Tobacco                       
 0.0105 0.0105 0.0400 0.0400 0.0015 0.0015 0.0052 0.0052
 0.0095 0.0095 0.0475 0.0475 
    0.0 0.00   4000.  5000.   0.     150.
Wheat                         
 0.0110 0.0030 0.0310 0.0105 0.0016 0.0004 0.0060 0.0020
 0.0030 0.0070 0.0080 0.0280  
  200.0 0.00   4500.  5500.  10000.  135.
